51
89
141
259
378
429
394
227
163
426
192
114
169
34
361
65
286
240
347
474
390
405
167
113
222
291
199
174
37
402
345
235
267
413
277
134
52
352
494
259
332
311
51
399
231
250
77
58
289
430
485
156
482
367
258
339
38
43
62
306
195
370
221
17
328
495
252
21
254
106
401
44
215
118
186
236
266
246
478
168
9
62
390
147
83
218
234
201
432
408
435
55
239
308
459
498
443
360
373
153
347
214
120
236
60
55
254
247
321
440
362
1
217
419
31
103
417
264
127
104
484
387
488
243
413
462
217
329
16
434
26
110
117
54
418
368
314
86
417
93
178
117
459
450
352
467
381
286
308
59
49
31
4
38
384
340
489
396
370
261
417
180
50
86
68
13
316
103
63
307
144
224
463
166
500
197
360
446
190
265
79
388
230
215
103
416
63
388
319
353
311
114
85
447
455
348
261
47
34
29
354
214
409
476
206
32
360
455
312
334
50
458
172
324
326
30
457
247
63
217
74
272
167
91
59
409
293
60
215
297
402
424
439
376
308
248
412
200
421
98
497
152
353
131
21
272
185
61
335
433
195
170
406
107
317
451
353
168
222
263
227
341
334
82
478
30
48
258
7
5
65
216
201
38
221
434
83
253
337
266
241
164
498
481
130
349
312
300
167
487
41
86
287
5
359
116
159
430
437
282
105
458
221
69
318
239
392
148
405
6
303
85
399
204
212
404
66
114
161
388
466
371
185
217
211
116
1
316
408
291
300
409
443
303
226
405
346
69
284
184
250
44
398
406
172
134
154
38
222
370
255
103
309
392
73
391
322
494
124
312
79
100
380
157
189
129
91
189
449
474
450
102
235
149
148
343
496
66
274
17
470
156
274
268
347
458
447
195
219
458
359
380
14
200
103
48
366
107
334
445
110
8
379
353
92
475
450
226
178
156
186
93
32
188
485
290
103
485
470
447
374
1
327
71
138
373
446
251
243
178
465
490
143
209
44
408
348
354
313
83
266
489
265
136
425
336
147
293
242
42
253
230
122
379
178
180
343
119
467
364
137
343
348
287
210
235
258
295
139
281
379
320
19
493
41
497
384
219
48
285
471
37
234
242
400
472
434
376
410
68
379
449
201
418
135
436
289
146
414
53
